type: edu
files:
- name: CMakeLists.txt
  visible: false
  text: |-
    cmake_minimum_required(VERSION 3.16)

    project(global-lesson1-szorzotabla)

    set(CMAKE_CXX_STANDARD 14)

    # Files from `./src` directory
    set(SRC
            src/szorzotabla.c)

    # Files from `./test` directory
    set(TEST
            test/test.cpp)


    # Running learner side code
    # Use PROJECT_NAME dependent names of targets for the plugin support to work correctly.
    add_executable(${PROJECT_NAME}-run ${SRC})

    # Running tests
    # Use PROJECT_NAME dependent names of targets for the plugin support to work correctly.
    configure_test_target(${PROJECT_NAME}-test ${SRC} ${TEST})
  learner_created: false
- name: src/szorzotabla.c
  visible: true
  placeholders:
  - offset: 0
    length: 291
    placeholder_text: // megoldas
    initial_state:
      length: 11
      offset: 0
    initialized_from_dependency: false
    possible_answer: |-
      #include <stdio.h>

      int main() {
          int meret;
          scanf("%d", &meret);

          for (int i = 1; i <= meret; i++) {
              for (int j = 1; j <= meret; j++) {
                  printf("%d ", i*j);
              }
              printf("\n");
          }

          return 0;
      }
    selected: true
    status: Solved
  text: // megoldas
  learner_created: false
- name: test/test.cpp
  visible: false
  text: |-
    #include <gtest/gtest.h>

    #define main main_0
    #include "../src/szorzotabla.c"
    #undef main

    #include "../../tools.cpp"

    TEST(Visszateresi_ertek, 01) { // NOLINT(cert-err58-cpp) suppress for initialization static field in generated class
        char str[10000];
        IO("1", int res = main_0(), str)
        ASSERT_EQ(res, 0);
    }

    TEST(Eredmeny, 01) { // NOLINT(cert-err58-cpp) suppress for initialization static field in generated class
        char str[10000];
        IO("1", main_0(), str)
        ASSERT_STREQ(str, "1 \n");
    }

    TEST(Eredmeny, 02) { // NOLINT(cert-err58-cpp) suppress for initialization static field in generated class
        char str[10000];
        IO("6", main_0(), str)
        ASSERT_STREQ(str, "1 2 3 4 5 6 \n2 4 6 8 10 12 \n3 6 9 12 15 18 \n4 8 12 16 20 24 \n5 10 15 20 25 30 \n6 12 18 24 30 36 \n");
    }

    TEST(Eredmeny, 03) { // NOLINT(cert-err58-cpp) suppress for initialization static field in generated class
        char str[10000];
        IO("15", main_0(), str)
        ASSERT_STREQ(str, "1 2 3 4 5 6 7 8 9 10 11 12 13 14 15 \n2 4 6 8 10 12 14 16 18 20 22 24 26 28 30 \n3 6 9 12 15 18 21 24 27 30 33 36 39 42 45 \n4 8 12 16 20 24 28 32 36 40 44 48 52 56 60 \n5 10 15 20 25 30 35 40 45 50 55 60 65 70 75 \n6 12 18 24 30 36 42 48 54 60 66 72 78 84 90 \n7 14 21 28 35 42 49 56 63 70 77 84 91 98 105 \n8 16 24 32 40 48 56 64 72 80 88 96 104 112 120 \n9 18 27 36 45 54 63 72 81 90 99 108 117 126 135 \n10 20 30 40 50 60 70 80 90 100 110 120 130 140 150 \n11 22 33 44 55 66 77 88 99 110 121 132 143 154 165 \n12 24 36 48 60 72 84 96 108 120 132 144 156 168 180 \n13 26 39 52 65 78 91 104 117 130 143 156 169 182 195 \n14 28 42 56 70 84 98 112 126 140 154 168 182 196 210 \n15 30 45 60 75 90 105 120 135 150 165 180 195 210 225 \n");
    }

    TEST(Eredmeny, 04) { // NOLINT(cert-err58-cpp) suppress for initialization static field in generated class
        char str[10000];
        IO("22", main_0(), str)
        ASSERT_STREQ(str, "1 2 3 4 5 6 7 8 9 10 11 12 13 14 15 16 17 18 19 20 21 22 \n2 4 6 8 10 12 14 16 18 20 22 24 26 28 30 32 34 36 38 40 42 44 \n3 6 9 12 15 18 21 24 27 30 33 36 39 42 45 48 51 54 57 60 63 66 \n4 8 12 16 20 24 28 32 36 40 44 48 52 56 60 64 68 72 76 80 84 88 \n5 10 15 20 25 30 35 40 45 50 55 60 65 70 75 80 85 90 95 100 105 110 \n6 12 18 24 30 36 42 48 54 60 66 72 78 84 90 96 102 108 114 120 126 132 \n7 14 21 28 35 42 49 56 63 70 77 84 91 98 105 112 119 126 133 140 147 154 \n8 16 24 32 40 48 56 64 72 80 88 96 104 112 120 128 136 144 152 160 168 176 \n9 18 27 36 45 54 63 72 81 90 99 108 117 126 135 144 153 162 171 180 189 198 \n10 20 30 40 50 60 70 80 90 100 110 120 130 140 150 160 170 180 190 200 210 220 \n11 22 33 44 55 66 77 88 99 110 121 132 143 154 165 176 187 198 209 220 231 242 \n12 24 36 48 60 72 84 96 108 120 132 144 156 168 180 192 204 216 228 240 252 264 \n13 26 39 52 65 78 91 104 117 130 143 156 169 182 195 208 221 234 247 260 273 286 \n14 28 42 56 70 84 98 112 126 140 154 168 182 196 210 224 238 252 266 280 294 308 \n15 30 45 60 75 90 105 120 135 150 165 180 195 210 225 240 255 270 285 300 315 330 \n16 32 48 64 80 96 112 128 144 160 176 192 208 224 240 256 272 288 304 320 336 352 \n17 34 51 68 85 102 119 136 153 170 187 204 221 238 255 272 289 306 323 340 357 374 \n18 36 54 72 90 108 126 144 162 180 198 216 234 252 270 288 306 324 342 360 378 396 \n19 38 57 76 95 114 133 152 171 190 209 228 247 266 285 304 323 342 361 380 399 418 \n20 40 60 80 100 120 140 160 180 200 220 240 260 280 300 320 340 360 380 400 420 440 \n21 42 63 84 105 126 147 168 189 210 231 252 273 294 315 336 357 378 399 420 441 462 \n22 44 66 88 110 132 154 176 198 220 242 264 286 308 330 352 374 396 418 440 462 484 \n");
    }

    TEST(Eredmeny, 05) { // NOLINT(cert-err58-cpp) suppress for initialization static field in generated class
        char str[10000];
        IO("0", main_0(), str)
        ASSERT_STREQ(str, "");
    }
  learner_created: false
status: Solved
feedback:
  message: Congratulations!
  time: Fri, 25 Sep 2020 16:50:39 UTC
record: -1
solution_hidden: true
